5.217250 4.818312 0.012154 0
5.247490 4.957852 0.012155 0
5.277730 4.877954 0.012055 0
5.307970 4.8246 0.011436 0
5.338210 4.802255 0.010963 0
5.368460 4.776274 0.010898 0
5.398700 4.757866 0.010903 0
5.428940 4.732983 0.010699 0
5.459180 4.68347 0.010261 0
5.489420 4.652767 0.009935 0
5.519670 4.638761 0.009869 0
5.549910 4.596953 0.009937 0
5.580150 4.563733 0.010085 0
5.610390 4.531951 0.010128 0
5.640630 4.495844 0.01002 0
5.670880 4.459352 0.009813 0
5.701120 4.418216 0.009704 0
5.731360 4.383161 0.009688 0
5.761600 4.333429 0.00969 0
5.791840 4.290616 0.009648 0
5.822090 4.256645 0.00955 0
5.852330 4.207838 0.009416 0
5.882570 4.167528 0.009295 0
5.912810 4.148381 0.009225 0
5.943050 4.114403 0.009197 0
5.973300 4.089523 0.009142 0
6.003540 4.064521 0.009123 0
6.033780 4.03017 0.009042 0
6.064020 4.000215 0.008949 0
6.094260 3.968891 0.008881 0
6.124510 3.942525 0.008842 0
6.154750 3.919752 0.008844 0
6.184990 3.868218 0.008811 0
6.215230 3.833746 0.008806 0
6.245470 3.807659 0.008847 0
6.275720 3.784197 0.009024 0
6.305960 3.757647 0.009302 0
6.336200 3.724182 0.009598 0
6.366440 3.703777 0.009817 0
6.396680 3.676849 0.009844 0
6.426930 3.640036 0.009748 0
6.457170 3.612601 0.009641 0
6.487410 3.584884 0.009686 0
6.517650 3.568213 0.00982 0
6.547890 3.551875 0.010144 0
6.578140 3.499744 0.010281 0
6.608380 3.488237 0.010264 0
6.638620 3.452031 0.01001 0
6.668860 3.43422 0.009744 0
6.699100 3.39379 0.009578 0
6.729350 3.369569 0.00958 0
6.759590 3.344579 0.009776 0
6.789830 3.300896 0.010041 0
6.820070 3.28327 0.010253 0
6.850310 3.2649 0.010359 0
6.880560 3.243549 0.010454 0
6.910800 3.214869 0.010564 0
6.941040 3.190236 0.010809 0
6.971280 3.170413 0.011035 0
7.001520 3.144481 0.011142 0
7.031770 3.10931 0.011022 0
7.062010 3.07147 0.010718 0
7.092250 3.050416 0.01036 0
7.122490 3.026243 0.009952 0
7.152730 3.008523 0.009681 0
7.182980 2.989142 0.009626 0
7.213220 2.97768 0.009814 0
7.243460 2.957325 0.010005 0
7.273700 2.935058 0.010209 0
7.303940 2.915239 0.010247 0
7.334190 2.867949 0.010211 0
7.364430 2.829693 0.010508 0
7.394670 2.821435 0.010233 0
7.424910 2.802949 0.010278 0
7.455150 2.786556 0.010473 0
7.485400 2.76438 0.010748 0
7.515640 2.762738 0.011036 0
7.545880 2.728727 0.011349 0
7.576120 2.747116 0.007914 0
7.636600 2.674107 0.007507 0
7.697090 2.618501 0.006994 0
7.757570 2.588774 0.006611 0
7.818050 2.555109 0.006396 0
7.878540 2.515871 0.006307 0
7.939020 2.467376 0.006166 0
7.999510 2.44093 0.005961 0
8.059990 2.412594 0.00579 0
8.120470 2.377525 0.005722 0
8.180960 2.349504 0.005648 0
8.241440 2.311265 0.005599 0
8.301920 2.275139 0.005592 0
8.362410 2.244674 0.00547 0
8.422890 2.217815 0.005375 0
8.483370 2.188849 0.005384 0
8.543860 2.15793 0.005492 0
8.604340 2.133021 0.005543 0
8.664830 2.108282 0.005451 0
8.725310 2.079113 0.005413 0
8.785790 2.046112 0.005345 0
8.846280 2.017835 0.005326 0
8.906760 1.989345 0.0053 0
8.967240 1.970765 0.005314 0
9.027730 1.95043 0.005294 0
9.088210 1.926341 0.00522 0
9.148690 1.899271 0.005158 0
9.209180 1.875285 0.005106 0
9.269660 1.85139 0.005081 0
9.330150 1.822254 0.005091 0
9.390630 1.802755 0.005106 0
9.451110 1.780097 0.005077 0
9.511600 1.767483 0.005023 0
9.572080 1.750969 0.004879 0
9.632560 1.720287 0.004679 0
9.693050 1.704686 0.004639 0
9.753530 1.669936 0.002857 12288
9.814010 1.658377 0.002694 12288
9.874500 1.639819 0.004177 0
9.934980 1.618419 0.004078 0
9.995470 1.594682 0.004067 0
10.055950 1.581425 0.00388 0
10.116430 1.568234 0.003789 0
10.176920 1.549592 0.003716 0
10.237400 1.53147 0.003716 0
10.297880 1.5171 0.003706 0
10.358370 1.497897 0.003709 0
10.418850 1.479807 0.003726 0
10.479330 1.465066 0.003745 0
10.539820 1.452596 0.003762 0
10.600300 1.433998 0.003776 0
10.660790 1.418149 0.003799 0
10.721270 1.402119 0.003809 0
10.781750 1.386782 0.00388 0
10.842240 1.368529 0.003955 0
10.902720 1.354293 0.004055 0
10.963200 1.338649 0.004152 0
11.023690 1.321733 0.00424 0
11.084170 1.315767 0.004314 0
11.144650 1.298193 0.004323 0
11.205140 1.287174 0.004314 0
11.265620 1.274159 0.00428 0
11.326110 1.26066 0.004235 0
11.386590 1.244663 0.004205 0
11.447070 1.234211 0.004262 0
11.507560 1.221923 0.004249 0
11.568040 1.207187 0.004286 0
11.628520 1.195071 0.004285 0
11.689010 1.190263 0.004337 0
11.749490 1.180283 0.004326 0
11.809970 1.166724 0.004302 0
11.870460 1.151806 0.004241 0
11.930940 1.140211 0.004212 0
11.991430 1.13329 0.00415 0
12.051910 1.117328 0.00411 0
12.112390 1.106437 0.004054 0
12.172880 1.096442 0.004002 0
12.233360 1.082308 0.003962 0
12.293840 1.075903 0.003911 0
12.354330 1.066594 0.003857 0
12.414810 1.054758 0.003799 0
12.475290 1.050513 0.003756 0
12.535780 1.037792 0.003701 0
12.596260 1.025512 0.003647 0
12.656750 1.015254 0.003616 0
12.717230 1.00159 0.003604 0
12.777710 0.997219 0.003639 0
12.838200 0.990749 0.003702 0
12.898680 0.979041 0.003737 0
12.959160 0.967962 0.003809 0
13.019650 0.957974 0.00384 0
13.080130 0.942001 0.003938 0
13.140610 0.936888 0.004017 0
13.201100 0.936151 0.004188 0
13.261580 0.933386 0.004265 0
13.322060 0.919673 0.004342 0
13.382550 0.914809 0.004409 0
13.443030 0.907149 0.004507 0
13.503520 0.903622 0.004556 0
13.564000 0.891401 0.00455 0
13.624480 0.887919 0.004511 0
13.684970 0.882642 0.004544 0
13.745450 0.867777 0.004652 0
13.805930 0.869305 0.004606 0
13.866420 0.863914 0.004655 0
13.926900 0.856067 0.004767 0
13.987380 0.860699 0.004798 0
14.047870 0.85287 0.004858 0
14.108350 0.856564 0.00549 0
14.168840 0.845125 0.005083 0
14.229320 0.833608 0.005122 128
14.323380 0.805262 0.001808 0
14.408060 0.800398 0.001733 0
14.492740 0.790832 0.001712 0
14.577410 0.777608 0.001739 0
14.662090 0.766811 0.001796 0
14.746770 0.757236 0.001904 0
14.831450 0.750443 0.002055 0
14.916120 0.736816 0.001959 0
15.000800 0.730501 0.001916 0
15.085480 0.725165 0.001919 0
15.170150 0.719368 0.001845 0
15.254830 0.707511 0.001695 0
15.339510 0.661104 0.001616 0
15.424180 0.680208 0.001405 0
15.508860 0.682472 0.001355 0
15.593540 0.677519 0.001352 0
15.678210 0.674959 0.001366 0
15.762890 0.670753 0.001484 0
15.847570 0.669602 0.001655 0
15.932240 0.660457 0.001835 0
16.016920 0.647939 0.001987 0
16.101600 0.643614 0.002064 0
16.186280 0.638411 0.002055 0
16.270950 0.627193 0.002168 0
16.355630 0.612808 0.002034 0
16.440310 0.611621 0.001783 0
16.524980 0.607761 0.001608 0
16.609660 0.606606 0.001548 0
16.694340 0.601368 0.00159 0
16.779010 0.595013 0.00161 0
16.863690 0.588989 0.001656 0
16.948370 0.577948 0.001799 0
17.033040 0.572402 0.001826 0
17.117720 0.57327 0.001896 0
17.202400 0.567307 0.001929 0
17.287070 0.563616 0.001978 0
17.371750 0.553567 0.001916 0
17.456430 0.550388 0.001807 0
17.541110 0.544311 0.001646 0
17.625780 0.539464 0.001555 0
17.710460 0.537181 0.001625 0
17.795140 0.524044 0.001609 0
17.879810 0.508686 0.001636 0
17.964490 0.516876 0.001768 0
18.049170 0.514605 0.001913 0
18.133840 0.507934 0.002003 0
18.218520 0.504321 0.002089 0
18.303200 0.49997 0.002397 0
18.387870 0.496465 0.002224 0
18.472550 0.489851 0.002141 0
18.557230 0.484122 0.002071 0
18.641900 0.476596 0.001995 0
18.726580 0.471646 0.001864 0
18.811260 0.468399 0.001802 0
18.895940 0.468328 0.001782 0
18.980610 0.462065 0.001818 0
19.065290 0.458981 0.001942 0
19.149970 0.455467 0.002162 0
19.234640 0.446541 0.0024 0
19.319320 0.447135 0.002632 0
19.404000 0.439574 0.002705 0
19.488670 0.429369 0.002704 0
19.573350 0.429229 0.002691 0
19.658030 0.43098 0.002645 0
19.742700 0.429459 0.002349 0
19.827380 0.425404 0.002236 0
19.912060 0.423053 0.00219 0
19.996730 0.417446 0.002098 0
20.081410 0.412373 0.002217 0
20.166090 0.408172 0.002204 0
20.250770 0.409266 0.002416 0
20.335440 0.401018 0.002636 0
20.420120 0.39354 0.002763 0
20.504800 0.392342 0.002751 0
20.589470 0.389884 0.002937 0
20.758830 0.39072 0.002148 0
20.928180 0.384001 0.001917 0
21.097530 0.375437 0.001685 0
21.266890 0.374991 0.001892 0
21.436240 0.369444 0.001821 0
21.605600 0.358957 0.001661 0
21.774950 0.352236 0.001615 0
21.944300 0.349292 0.001852 0
22.113660 0.33947 0.001546 0
22.283010 0.340484 0.001444 0
22.452360 0.334198 0.001497 0
22.621720 0.331183 0.001621 0
22.791070 0.316061 0.00144 0
22.960430 0.310873 0.001284 0
23.129780 0.312865 0.001198 0
23.299130 0.308215 0.001421 0
23.468490 0.306585 0.001352 0
23.637840 0.300439 0.001193 0
23.807190 0.295272 0.00143 0
23.976550 0.292198 0.001212 0
24.145900 0.289173 0.001179 0
24.315260 0.282006 0.001192 0
24.484610 0.28099 0.001159 0
24.653960 0.279741 0.001167 0
24.823320 0.27601 0.001251 0
24.992670 0.264829 0.001446 0
25.162020 0.265333 0.001295 0
25.331380 0.262205 0.001249 0
25.500730 0.260354 0.001162 0
25.670090 0.261429 0.001291 0
25.839440 0.253539 0.001399 0
26.008790 0.251671 0.001424 0
26.178150 0.246634 0.001336 0
26.347500 0.246973 0.001216 0
26.516850 0.243425 0.001096 0
26.686210 0.240921 0.001094 0
26.855560 0.235505 0.001152 0
27.024920 0.225081 0.001342 0
27.194270 0.225747 0.001221 0
27.363620 0.2278 0.001171 0
27.532980 0.221208 0.001288 0
27.702330 0.215659 0.001228 0
27.871680 0.217978 0.001271 0
28.041040 0.213726 0.00145 0
28.210390 0.213046 0.001513 0
28.379750 0.209397 0.001419 0
28.549100 0.206419 0.001388 0
28.718450 0.206842 0.001298 0
28.887810 0.203411 0.001362 0
29.057160 0.20162 0.001447 0
29.226510 0.195955 0.001564 0
29.395870 0.197018 0.002289 0
29.565220 0.194988 0.002288 0
29.734580 0.19204 0.001459 0
29.903930 0.190013 0.001172 0
30.073280 0.189492 0.001202 0
30.242640 0.188682 0.001533 0
30.411990 0.185997 0.001806 0
30.581340 0.178548 0.001558 0
30.750700 0.177766 0.001799 0
30.920050 0.177387 0.001903 0
31.089410 0.175065 0.00203 0
31.258760 0.171116 0.002153 0
31.428110 0.169797 0.003423 0
31.597470 0.169434 0.003426 0
31.766820 0.169129 0.003198 0
31.936170 0.165258 0.002219 0
32.105530 0.15912 0.002089 0
32.274880 0.155749 0.002075 0
32.444240 0.156238 0.002151 0
32.613590 0.156692 0.002161 0
32.782940 0.15127 0.002109 0
32.952300 0.146956 0.002197 0
33.121650 0.150452 0.002654 0
33.291000 0.155261 0.002715 0
33.460360 0.152445 0.003119 0
33.629710 0.14241 0.004421 0
33.799070 0.13827 0.004167 0
33.968420 0.14126 0.004359 0
34.137770 0.134155 0.00436 0
34.307130 0.118886 0.003904 0
34.476480 0.132688 0.003797 0
34.645830 0.146506 0.003838 0
34.815190 0.146343 0.00401 0
34.984540 0.140124 0.004248 0
35.153900 0.129333 0.004348 0
35.323250 0.116652 0.004803 0
35.492600 0.12526 0.006145 0
35.661960 0.131568 0.008665 0
35.831310 0.138551 0.009709 0
36.000660 0.128957 0.008717 0
36.170020 0.139645 0.008762 0
36.339370 0.12527 0.008907 0
36.508730 0.12253 0.009345 0
36.678080 0.12256 0.00897 0
36.847430 0.123968 0.0085 0
37.016790 0.139655 0.008825 0
37.186140 0.133525 0.010934 0
37.355490 0.091866 0.013955 0
37.524850 0.106783 0.015055 0
37.694200 0.128857 0.017567 0
37.863560 0.116342 0.020555 0
