5.217250 4.802986 0.012249 0
5.247490 5.030706 0.012429 0
5.277730 4.931738 0.012325 0
5.307970 4.844566 0.011612 0
5.338210 4.817642 0.011134 0
5.368460 4.769522 0.010991 0
5.398700 4.720048 0.010945 0
5.428940 4.661041 0.010672 0
5.459180 4.602634 0.010207 0
5.489420 4.548996 0.009845 0
5.519670 4.544407 0.009788 0
5.549910 4.496834 0.009852 0
5.580150 4.46255 0.009999 0
5.610390 4.434218 0.010048 0
5.640630 4.39683 0.009934 0
5.670880 4.374218 0.009743 0
5.701120 4.346292 0.009641 0
5.731360 4.34768 0.009673 0
5.761600 4.320266 0.009685 0
5.791840 4.273999 0.009639 0
5.822090 4.255232 0.009553 0
5.852330 4.208777 0.009414 0
5.882570 4.17508 0.009283 0
5.912810 4.147663 0.009219 0
5.943050 4.12077 0.009191 0
5.973300 4.076964 0.009114 0
6.003540 4.055097 0.009082 0
6.033780 4.019285 0.008983 0
6.064020 3.979789 0.008862 0
6.094260 3.940922 0.008791 0
6.124510 3.904146 0.008756 0
6.154750 3.883312 0.008776 0
6.184990 3.843843 0.008743 0
6.215230 3.812414 0.008763 0
6.245470 3.778846 0.008805 0
6.275720 3.763625 0.008991 0
6.305960 3.730768 0.00925 0
6.336200 3.693188 0.009554 0
6.366440 3.655551 0.009728 0
6.396680 3.626658 0.009734 0
6.426930 3.600365 0.009658 0
6.457170 3.569644 0.009577 0
6.487410 3.557498 0.009688 0
6.517650 3.535775 0.009789 0
6.547890 3.515217 0.01011 0
6.578140 3.473912 0.010279 0
6.608380 3.429396 0.010211 0
6.638620 3.40303 0.009971 0
6.668860 3.394941 0.009721 0
6.699100 3.362297 0.009557 0
6.729350 3.334272 0.009565 0
6.759590 3.31731 0.009772 0
6.789830 3.2892 0.010055 0
6.820070 3.269915 0.010233 0
6.850310 3.23829 0.010333 0
6.880560 3.213534 0.010784 0
6.910800 3.186527 0.011883 0
6.941040 3.16147 0.011575 0
6.971280 3.138343 0.01154 0
7.001520 3.098707 0.011097 0
7.031770 3.054183 0.010961 0
7.062010 3.034442 0.010682 0
7.092250 3.014069 0.010315 0
7.122490 2.988378 0.009911 0
7.152730 2.967818 0.009625 0
7.182980 2.963221 0.009591 0
7.213220 2.943722 0.009761 0
7.243460 2.926984 0.009958 0
7.273700 2.896432 0.010219 0
7.303940 2.869394 0.010161 0
7.334190 2.837583 0.010157 0
7.364430 2.792987 0.010139 0
7.394670 2.764672 0.010004 0
7.424910 2.769633 0.010128 0
7.455150 2.755549 0.010299 0
7.485400 2.738494 0.010552 0
7.515640 2.726509 0.010882 0
7.545880 2.697707 0.011222 0
7.576120 2.726811 0.00792 0
7.636600 2.653205 0.007502 0
7.697090 2.5999 0.006986 0
7.757570 2.567581 0.0066 0
7.818050 2.526033 0.006374 0
7.878540 2.490717 0.006276 0
7.939020 2.448499 0.006142 0
7.999510 2.412606 0.005925 0
8.059990 2.374322 0.005766 0
8.120470 2.334382 0.005744 0
8.180960 2.318882 0.005622 0
8.241440 2.289804 0.005573 0
8.301920 2.251957 0.005562 0
8.362410 2.221534 0.005427 0
8.422890 2.19467 0.005338 0
8.483370 2.174862 0.005354 0
8.543860 2.148621 0.005441 0
8.604340 2.1129 0.005461 0
8.664830 2.08147 0.005417 0
8.725310 2.054832 0.005382 0
8.785790 2.026618 0.005325 0
8.846280 2.010506 0.005337 0
8.906760 1.977022 0.005302 0
8.967240 1.956384 0.005309 0
9.027730 1.932507 0.005295 0
9.088210 1.909501 0.005216 0
9.148690 1.880228 0.005133 0
9.209180 1.85812 0.005169 0
9.269660 1.838526 0.00509 0
9.330150 1.810668 0.005071 0
9.390630 1.792728 0.005087 0
9.451110 1.774635 0.005081 0
9.511600 1.758563 0.00502 0
9.572080 1.733471 0.004867 0
9.632560 1.710504 0.004673 0
9.693050 1.68708 0.004497 0
9.753530 1.659476 0.002802 12288
9.814010 1.6451 0.002673 12288
9.874500 1.626645 0.004143 0
9.934980 1.606559 0.004053 0
9.995470 1.583806 0.00402 0
10.055950 1.566186 0.003852 0
10.116430 1.550462 0.003766 0
10.176920 1.53418 0.003704 0
10.237400 1.52161 0.003694 0
10.297880 1.503282 0.003681 0
10.358370 1.484103 0.003695 0
10.418850 1.467394 0.003714 0
10.479330 1.451856 0.003728 0
10.539820 1.441196 0.003739 0
10.600300 1.421628 0.003754 0
10.660790 1.401828 0.003767 0
10.721270 1.385879 0.003783 0
10.781750 1.376001 0.003875 0
10.842240 1.355374 0.00393 0
10.902720 1.342739 0.004025 0
10.963200 1.327485 0.004121 0
11.023690 1.314469 0.004202 0
11.084170 1.300616 0.004287 0
11.144650 1.286279 0.00431 0
11.205140 1.272737 0.004307 0
11.265620 1.261103 0.004269 0
11.326110 1.246214 0.004231 0
11.386590 1.238268 0.004203 0
11.447070 1.219876 0.004191 0
11.507560 1.213523 0.004232 0
11.568040 1.193971 0.004269 0
11.628520 1.181169 0.004277 0
11.689010 1.179507 0.004312 0
11.749490 1.164613 0.004304 0
11.809970 1.153285 0.00428 0
11.870460 1.142251 0.004239 0
11.930940 1.127114 0.004216 0
11.991430 1.116979 0.004131 0
12.051910 1.105452 0.00409 0
12.112390 1.099707 0.004048 0
12.172880 1.085635 0.003991 0
12.233360 1.075246 0.003947 0
12.293840 1.064001 0.003899 0
12.354330 1.052678 0.003838 0
12.414810 1.041241 0.003788 0
12.475290 1.035815 0.003729 0
12.535780 1.026763 0.00368 0
12.596260 1.017725 0.003637 0
12.656750 1.003607 0.003598 0
12.717230 0.993192 0.003582 0
12.777710 0.985311 0.003594 0
12.838200 0.979136 0.003636 0
12.898680 0.973254 0.003737 0
12.959160 0.963236 0.003783 0
13.019650 0.95224 0.003823 0
13.080130 0.943459 0.003911 0
13.140610 0.931944 0.003996 0
13.201100 0.926403 0.004152 0
13.261580 0.918875 0.00422 0
13.322060 0.915345 0.004289 0
13.382550 0.903961 0.00438 0
13.443030 0.902737 0.004479 0
13.503520 0.899752 0.00453 0
13.564000 0.885645 0.004519 0
13.624480 0.87678 0.004497 0
13.684970 0.870726 0.004529 0
13.745450 0.868436 0.004551 0
13.805930 0.861579 0.004576 0
13.866420 0.853128 0.004626 0
13.926900 0.848618 0.004673 0
13.987380 0.856788 0.004763 0
14.047870 0.844761 0.00484 0
14.108350 0.831689 0.005154 0
14.168840 0.833816 0.005035 0
14.229320 0.825746 0.005069 128
14.323380 0.795233 0.00176 0
14.408060 0.787879 0.001664 0
14.492740 0.777842 0.001634 0
14.577410 0.762779 0.001668 0
14.662090 0.74689 0.001832 0
14.746770 0.741125 0.001883 0
14.831450 0.73789 0.00197 0
14.916120 0.723889 0.002113 0
15.000800 0.717291 0.001916 0
15.085480 0.712398 0.001847 0
15.170150 0.701171 0.001809 0
15.254830 0.687226 0.001627 0
15.339510 0.675432 0.00168 0
15.424180 0.672436 0.001528 0
15.508860 0.669862 0.001412 0
15.593540 0.665244 0.001351 0
15.678210 0.65569 0.001371 0
15.762890 0.649255 0.001454 0
15.847570 0.647887 0.001579 0
15.932240 0.638481 0.001781 0
16.016920 0.631541 0.001951 0
16.101600 0.624063 0.002062 0
16.186280 0.621278 0.00203 0
16.270950 0.609383 0.002349 0
16.355630 0.598465 0.001997 0
16.440310 0.596524 0.001726 0
16.524980 0.589967 0.001596 0
16.609660 0.584329 0.001532 0
16.694340 0.580014 0.001543 0
16.779010 0.574926 0.001598 0
16.863690 0.570977 0.001703 0
16.948370 0.564071 0.001709 0
17.033040 0.55717 0.001812 0
17.117720 0.549231 0.001894 0
17.202400 0.550321 0.001842 0
17.287070 0.546499 0.001879 0
17.371750 0.539294 0.001908 0
17.456430 0.53271 0.001733 0
17.541110 0.53162 0.001594 0
17.625780 0.513731 0.001533 0
17.710460 0.505455 0.001553 0
17.795140 0.506822 0.001566 0
17.879810 0.496287 0.001606 0
17.964490 0.503435 0.001719 0
18.049170 0.499504 0.00188 0
18.133840 0.494331 0.001998 0
18.218520 0.488588 0.002169 0
18.303200 0.482574 0.002194 0
18.387870 0.4818 0.00216 0
18.472550 0.474066 0.002186 0
18.557230 0.472553 0.002025 0
18.641900 0.467545 0.00192 0
18.726580 0.458469 0.001859 0
18.811260 0.455487 0.001825 0
18.895940 0.454331 0.00176 0
18.980610 0.448555 0.001816 0
19.065290 0.44246 0.002073 0
19.149970 0.437639 0.002115 0
19.234640 0.432123 0.002249 0
19.319320 0.431578 0.002505 0
19.404000 0.430901 0.002519 0
19.488670 0.418728 0.002504 0
19.573350 0.418191 0.002442 0
19.658030 0.424773 0.003947 0
19.742700 0.415449 0.002397 0
19.827380 0.409396 0.002284 0
19.912060 0.411366 0.002191 0
19.996730 0.411953 0.002081 0
20.081410 0.40509 0.002085 0
20.166090 0.396024 0.002197 0
20.250770 0.397257 0.002425 0
20.335440 0.390883 0.002631 0
20.420120 0.386475 0.002977 0
20.504800 0.381024 0.002841 0
20.589470 0.385228 0.003098 0
20.758830 0.377945 0.002105 0
20.928180 0.372196 0.001793 0
21.097530 0.363598 0.001633 0
21.266890 0.363156 0.001892 0
21.436240 0.358768 0.001724 0
21.605600 0.344305 0.001475 0
21.774950 0.339459 0.002995 0
21.944300 0.341076 0.002014 0
22.113660 0.331145 0.001488 0
22.283010 0.330629 0.001391 0
22.452360 0.324987 0.001494 0
22.621720 0.31964 0.001634 0
22.791070 0.311054 0.00139 0
22.960430 0.30225 0.001242 0
23.129780 0.298821 0.001237 0
23.299130 0.289834 0.001298 0
23.468490 0.292998 0.001282 0
23.637840 0.28954 0.001163 0
23.807190 0.283683 0.001027 0
23.976550 0.281952 0.001037 0
24.145900 0.279706 0.001172 0
24.315260 0.272734 0.001163 0
24.484610 0.267835 0.001151 0
24.653960 0.267879 0.001121 0
24.823320 0.264953 0.001166 0
24.992670 0.260767 0.001249 0
25.162020 0.256694 0.001227 0
25.331380 0.254499 0.001119 0
25.500730 0.250888 0.001228 0
25.670090 0.251263 0.001308 0
25.839440 0.246571 0.001339 0
26.008790 0.24342 0.001389 0
26.178150 0.236281 0.001335 0
26.347500 0.235733 0.00115 0
26.516850 0.234237 0.001029 0
26.686210 0.231546 0.001094 0
26.855560 0.226418 0.001219 0
27.024920 0.223432 0.001137 0
27.194270 0.219865 0.001128 0
27.363620 0.216901 0.001085 0
27.532980 0.215307 0.001092 0
27.702330 0.210993 0.001107 0
27.871680 0.208942 0.001201 0
28.041040 0.205952 0.00137 0
28.210390 0.204011 0.00153 0
28.379750 0.199634 0.001497 0
28.549100 0.199123 0.001406 0
28.718450 0.199654 0.001682 0
28.887810 0.194319 0.001426 0
29.057160 0.193253 0.00154 0
29.226510 0.190886 0.001487 0
29.395870 0.188995 0.001452 0
29.565220 0.185568 0.001631 0
29.734580 0.184868 0.001379 0
29.903930 0.183138 0.001203 0
30.073280 0.18064 0.001155 0
30.242640 0.177694 0.001226 0
30.411990 0.174715 0.001336 0
30.581340 0.173198 0.001447 0
30.750700 0.173354 0.001748 0
30.920050 0.169932 0.001834 0
31.089410 0.167446 0.002026 0
31.258760 0.166856 0.002019 0
31.428110 0.169754 0.001983 0
31.597470 0.16589 0.002112 0
31.766820 0.166183 0.002103 0
31.936170 0.161621 0.001935 0
32.105530 0.157568 0.002057 0
32.274880 0.158517 0.002082 0
32.444240 0.154235 0.002101 0
32.613590 0.148848 0.002625 0
32.782940 0.151065 0.003292 0
32.952300 0.153744 0.002165 0
33.121650 0.146958 0.002392 0
33.291000 0.14817 0.00278 0
33.460360 0.141774 0.003047 0
33.629710 0.138184 0.00365 0
33.799070 0.140671 0.004008 0
33.968420 0.137574 0.004187 0
34.137770 0.13463 0.003658 0
34.307130 0.124772 0.003517 0
34.476480 0.127016 0.004602 0
34.645830 0.135363 0.004093 0
34.815190 0.143835 0.004124 0
34.984540 0.138729 0.005674 0
35.153900 0.124054 0.00786 0
35.323250 0.12846 0.004827 0
35.492600 0.1371 0.006126 0
35.661960 0.12502 0.00919 0
35.831310 0.119518 0.009324 0
36.000660 0.127082 0.008596 0
36.170020 0.122516 0.008537 0
36.339370 0.12173 0.009764 0
36.508730 0.13074 0.010373 0
36.678080 0.127105 0.009416 0
36.847430 0.126881 0.00828 0
37.016790 0.133454 0.008887 0
37.186140 0.131683 0.011783 0
37.355490 0.08658 0.018524 0
37.524850 0.077875 0.012842 0
37.694200 0.11854 0.016858 0
37.863560 0.120625 0.020063 0
